16
21
21
18
21
18
14
23
16
18
22
16
14
21
13
18
24
19
14
21
22
23
19
18
19
16
25
24
26
21
19
16
19
21
21
21
21
24
19
19
21
18
28
24
21
21
18
18
10
21
16
16
18
21
21
18
24
21
14
14
21
21
19
26
21
21
18
27
18
20
18
22
19
24
24
21
22
20
27
19
18
21
26
26
27
16
16
16
24
21
12
14
18
16
16
21
20
24
26
18
19
23
19
21
21
18
23
18
18
14
26
21
14
24
22
17
21
18
19
19
19
19
21
21
20
18
24
24
24
14
19
16
21
21
27
23
18
20
21
16
21
16
19
18
21
21
20
20
16
21
16
23
18
14
14
16
16
23
21
21
21
18
18
19
21
12
21
21
16
21
16
26
16
21
19
19
24
21
21
19
19
24
23
24
18
27
21
20
21
14
20
21
19
18
24
18
12
16
18
16
19
20
24
24
24
11
22
16
24
26
18
21
23
26
21
23
21
24
14
16
24
21
18
14
27
14
21
18
22
20
21
18
21
21
19
21
18
16
18
21
24
22
21
18
24
23
24
26
21
19
21
19
18
21
21
19
21
24
21
16
16
22
21
14
16
20
21
21
14
23
21
19
21
26
19
23
19
19
16
12
21
27
23
23
21
24
16
18
27
18
20
18
19
21
18
20
18
21
21
21
18
18
20
21
22
22
16
22
21
21
21
16
19
21
18
14
18
14
21
21
18
21
16
24
16
26
16
26
21
19
21
19
23
18
16
21
21
23
19
19
18
19
16
21
16
16
19
18
24
23
21
24
23
21
23
23
25
21
23
18
20
21
18
19
19
23
18
18
20
26
21
21
16
22
16
21
18
16
21
20
24
24
18
21
29
16
21
23
21
21
19
23
19
21
18
24
14
21
16
23
26
20
19
26
24
24
18
16
23
19
21
26
21
24
24
24
24
18
21
18
19
25
21
21
21
16
16
26
18
21
26
19
18
22
16
22
16
21
20
16
19
16
14
23
24
18
14
24
21
18
21
14
19
23
24
21
16
21
21
19
26
16
21
22
21
18
21
21
21
20
24
21
14
21
18
26
18
16
24
21
21
21
18
19
24
18
16
24
21
14
19
19
14
19
26
18
13
21
21
21
16
14
18
20
19
16
21
23
16
19
16
19
21
16
26
22
18
23
24
24
20
22
10
21
21
21
18
18
18
24
20
19
21
16
19
24
16
21
24
20
19
23
21
16
14
23
24
24
18
24
19
23
24
18
18
18
27
21
24
21
16
16
14
22
21
24
21
19
24
21
19
18
20
26
14
21
24
21
19
23
21
16
21
21
21
19
24
18
16
21
21
16
20
19
21
21
20
23
26
24
19
16
21
24
21
21
18
16
16
14
19
20
24
23
18
21
23
18
16
19
24
16
26
16
19
18
21
20
19
22
18
19
24
23
22
16
14
14
21
21
18
16
19
21
22
21
21
15
20
20
20
16
16
22
20
21
27
22
18
23
21
23
19
14
18
24
21
20
24
21
18
16
16
21
23
22
19
19
18
16
24
10
20
19
24
13
18
26
18
16
18
22
21
21
19
19
21
18
23
26
16
18
16
26
16
19
21
14
21
24
16
18
16
12
18
16
21
19
21
16
20
24
16
22
18
18
26
21
21
19
23
24
21
16
24
16
23
19
16
14
25
19
7
18
16
21
18
24
16
26
21
16
21
21
20
21
21
16
21
7
16
14
21
21
14
14
19
23
19
22
20
16
14
16
18
26
19
21
14
19
20
25
16
20
21
20
14
20
18
18
24
19
16
24
23
20
16
19
19
21
24
19
10
16
19
24
14
24
21
28
19
24
16
16
24
16
16
24
24
21
21
19
14
21
21
24
21
21
23
16
21
16
24
24
18
18
23
16
21
16
24
22
22
19
19
16
21
26
18
19
19
12
19
21
21
14
18
14
18
21
20
22
18
19
16
20
18
19
24
18
21
19
21
24
24
21
22
21
18
21
19
19
16
24
19
20
16
14
21
16
18
16
24
21
21
18
19
14
21
19
21
14
16
19
22
16
26
21
19
24
19
21
23
16
19
18
16
21
19
19
19
12
18
20
10
19
18
18
20
18
18
24
21
18
21
14
18
26
22
24
24
20
16
16
24
19
18
16
25
24
21
18
18
21
21
20
18
21
18
14
24
23
18
16
19
21
18
21
23
18
18
21
18
19
18
23
18
18
18
21
23
19
21
21
13
16
21
14
21
23
24
18
21
23
19
18
24
29
21
21
19
20
18
21
20
18
14
18
24
19
14
14
18
24
16
18
19
16
19
21
16
24
21
16
19
22
21
31
21
19
14
23
24
24
16
14
14
20
14
24
16
19
21
14
19
19
20
20
21
16
24
10
21
16
20
16
24
16
26
20
23
23
16
21
18
19
18
21
20
19
22
16
21
19
14
13
26
19
22
20
16
21
18
30
25
18
23
16
19
19
23
21
19
18
16
21
12
24
14
19
20
16
21
22
